1 3.4547383103681324 4.75136474188965 -73.9784935058191 1.5807972665909462 0.5789672282592156
2 2.6154791099919774 4.302138965625783 -21.394148059757626 0.963218957647394 1.3596778905531135
3 4.784799909595733 5.601480986172309 36.49210626613511 0.10479750800813689 1.8295262986917902
4 2.1846575943257553 7.339436747415023 112.73139627895024 1.0067054894724061 0.5540630186171104
5 2.552923409455105 5.609901589142817 194.99902974828728 2.3952662991943745 0.7835782490639732
6 2.749500632630859 5.655481182386589 273.8632204545155 2.0193520555029756 0.9928393965700982
7 1.1372056981533807 5.690389587684515 340.53940547850436 1.7485707568363602 2.375515211393043
8 1.4498418879737036 5.610344866838511 541.6450712944923 0.5741286946447289 0.964731188748387
9 5.552620862916233 4.9423361814610995 684.4577536879677 0.6393474281591703 0.45461662088456517
10 3.2725498139459397 5.528262258643974 740.075478547531 0.9754423367167827 2.6752280324292848
11 5.171693466196532 5.791143749739178 832.3601996745188 0.34958157936511847 0.691065770217121
12 2.8656325671803855 6.86396652009705 913.1679178826723 2.82283125604231 1.0162570300489342
13 1.9920024958230318 6.136864466604152 1031.5792249022181 1.221459668056291 0.6112612587940482
14 5.1562861589537174 5.124255208107633 1135.511414003156 0.27125612955966305 0.5304665186950233
15 4.4422276896043655 4.458092863632641 1199.498668846257 2.2459453735173 1.347845375964543
16 1.273259768438841 4.898081707516714 1296.027054554362 1.2623877919748463 1.5405047955435969
17 0.7578864633405349 5.747738919441144 1428.2113070229666 0.6198628510263955 0.5438564104150052
